-0.13593122	-11.7650826	1
-2.57404825	10.6167061	1
2.24384376	10.4475458	1
-1.31023092	10.6148283	1
-5.35438805	-9.65269467	1
11.494395	2.71498514	1
-9.93638445	5.26446112	1
-3.15270771	11.313869	1
-5.11452453	8.9991449	1
9.77761174	-5.01920752	1
-5.65377161	9.78215709	1
-9.94363818	-2.09078491	1
10.6841918	0.35290971	1
-1.40166924	-10.9243428	1
10.3381797	-0.25645715	1
-10.3251159	-0.17307696	1
-8.24465396	6.9466081	1
-3.05089324	-9.76114446	1
-9.93940448	-1.56950472	1
4.57851851	-9.96577831	1
-8.44626592	6.81002323	1
2.48666067	-11.2335946	1
6.17462524	-8.84804861	1
-7.32738463	-7.9957224	1
-10.3930172	-3.82592033	1
8.43576474	6.37833863	1
1.83665992	10.0386596	1
1.44756661	-10.216331	1
5.58972058	8.9888471	1
11.6312766	-1.31978905	1
0.748835188	-10.1085094	1
-0.308499614	-11.8501111	1
-8.66151574	-5.84813198	1
-6.21166966	9.1200627	1
1.60075576	-11.114963	1
-3.77584626	-10.9851839	1
-9.60872332	6.29079963	1
4.14075631	9.59873041	1
6.6886172	8.61382131	1
-9.17849154	5.8157183	1
-10.5283675	3.97174972	1
-10.5600122	1.53680697	1
10.1531015	3.77491924	1
4.53828112	-10.5733785	1
-10.8451396	1.54744734	1
5.66295417	-8.73267016	1
8.49697082	6.99664679	1
-7.94224829	7.9425339	1
8.57100174	7.57910527	1
-6.85117056	-8.07826183	1
2.09666238	10.5555356	1
-9.2292301	-6.96752933	1
10.2899614	3.86009242	1
-10.1860185	2.65577384	1
-3.74882458	-10.200802	1
8.52774779	7.67744337	1
-10.5795466	2.6310121	1
11.5825126	2.40212959	1
-1.64843351	10.4365253	1
-5.64114526	9.11634435	1
10.8375476	-1.83154785	1
0.566112467	-10.3075555	1
8.26413367	-6.87307843	1
-5.17351424	10.1492066	1
10.2030461	-2.25759911	1
-9.73183586	-3.30273923	1
4.83677464	-10.0237306	1
-10.141825	5.11678848	1
-8.35194114	6.73047854	1
-5.6724994	9.77896032	1
0.680622688	-10.3747651	1
2.37711726	11.0210349	1
8.43906855	6.11233848	1
7.94215839	6.60904304	1
8.05770168	6.58274042	1
-3.28553274	9.57283179	1
10.4161159	-1.84762754	1
8.60578183	-6.71742492	1
9.27362094	-4.40416055	1
0.328296665	-10.8570455	1
-11.0764494	2.94564161	1
-10.0343034	-3.94818051	1
8.8241008	-7.89622908	1
9.19071679	5.8702573	1
-7.12961981	-8.75549886	1
1.1516264	-10.2746874	1
-2.5845245	10.8663468	1
-4.18595876	9.88864228	1
10.2226346	0.0972396242	1
-10.9087092	-3.9929983	1
-10.5794006	-0.289737557	1
-2.01156123	11.1599328	1
11.6465912	-2.72760781	1
-2.84540823	-11.0143832	1
11.3723927	-0.296325596	1
-2.19634216	11.5578206	1
10.8977144	2.93053979	1
11.9502329	-0.75387768	1
-9.49856123	3.88502299	1
10.7372268	-1.8126125	1
0.135451272	10.4409487	1
9.5982176	-3.37030863	1
-8.63013129	-6.15394992	1
-9.17480704	6.50818342	1
-5.52661013	-8.70001859	1
-3.65089505	-11.1817076	1
-10.5547309	-4.19088074	1
-9.16590283	6.06500321	1
-0.666819637	10.0049455	1
-9.92167969	6.16117907	1
2.64849032	9.79865224	1
-8.30876227	-6.91222006	1
9.65961561	-5.84459068	1
-6.55387436	-8.79858956	1
4.33536031	-10.1240186	1
9.31347748	3.904436	1
5.98313309	-8.78187894	1
10.8540974	-2.7939869	1
-6.53675063	-9.24317385	1
-8.45335352	6.77536362	1
-10.3428266	-2.8919821	1
-2.63288035	9.7751789	1
0.69462499	11.7644934	1
5.6941311	-9.56359976	1
-11.6426108	-2.23209372	1
-0.319736487	-10.7362706	1
-10.1207113	0.36380152	1
-10.1239618	0.500895016	1
-7.92115335	7.29871649	1
-7.29105274	8.29497527	1
-0.474425492	3.46657144	2
2.78614898	-2.07272219	2
-3.32399996	0.849106788	2
1.57215763	-3.52912662	2
2.02290534	2.41149067	2
1.50506583	2.85858361	2
1.10712311	-3.4231497	2
3.46711854	0.144404367	2
1.54258678	-2.99162369	2
-3.93566179	-0.0663067832	2
-2.75261861	-2.06857595	2
-0.0928381335	-3.18290681	2
-1.64028226	3.02917882	2
-3.07756769	-2.10170013	2
3.41944781	0.44564697	2
-2.83489024	-1.45981439	2
-1.37907756	3.49738476	2
-3.11446594	-0.860636734	2
2.67140724	1.71358706	2
0.975565689	3.56028341	2
-2.41805611	2.60178172	2
3.00823588	0.219197737	2
3.02441154	0.120481985	2
1.86670292	-2.48379438	2
1.64455311	3.44217984	2
2.99296057	1.52001361	2
-3.68178175	-0.645039603	2
3.0163731	-2.16182802	2
1.14023893	-2.93488975	2
0.475828709	3.16492981	2
-1.2503551	-3.55573974	2
-3.43439456	-1.09147678	2
-2.32908165	2.79050692	2
-2.89248542	1.12627349	2
0.911750197	3.18186431	2
-2.9253584	1.09670541	2
0.326365882	3.14568433	2
-2.3062222	-2.61607878	2
1.98578759	2.89804703	2
-1.72992605	-3.0510304	2
0.678146596	-3.1825623	2
-2.95066601	-0.813428871	2
-0.745167982	3.1347922	2
-3.34082907	-1.01470544	2
-1.85091285	2.6687365	2
-3.48385538	0.33174629	2
-3.59257554	-1.10521072	2
2.7697294	-2.70506294	2
-1.84819404	-3.39822081	2
-3.42886425	1.65428349	2
-0.413226082	-3.87288693	2
3.43234924	-1.02141965	2
-2.24364249	3.24262556	2
0.584466371	3.76197427	2
1.8964387	-2.69868247	2
1.74993666	-3.06801435	2
3.39213727	-0.875576005	2
-3.41476678	-1.31187142	2
-3.56693704	0.403846967	2
0.803368089	3.50866518	2
0.205760222	-3.6187923	2
-3.5701418	0.75317995	2
-2.21255895	3.03867125	2
-3.18575436	0.538594124	2
-3.28194696	0.197998645	2
3.2550289	0.121221457	2
-0.759290015	3.5506268	2
0.354242191	-3.55565532	2
-1.42114946	-2.9529757	2
-3.10361907	0.524054095	2